2
3
4
5
6
7
8
9
10
11
12
13
14
15
16
17
19
21
23
25
28
31
34
38
42
47
52
58
64
71
79
88
98
109
122
136
152
170
190
212
237
265
296
331
370
410
450
490
530
570
610
650
690
730
770
810
850
890
930
970
1010
1050
1090
1130
1170
1210
1250
1290
1330
1370
1410
1450
1490
1530
1570
1610
1650
1690
1730
1770
1810
1850
1890
1930
1970
2010
2050
2090
2130
2170
2210
2250
2290
2330
2370
2410
2450
2490
2530
2570
2610
2650
2690
2730
2770
2810
2850
2890
2930
2970
3010
3050
3090
3130
3170
3210
3250
3290
3330
3370
3410
3450
3490
3530
3570
3610
3650
3690
3730
3770
3810
3850
3890
3930
3970
4000
